9, 10, 18, 33, 35
3, 7, 11, 12, 35, 36
11, 19, 25
1, 12, 18, 21
6, 12, 18, 21
11, 15, 30
12, 15, 30
15, 13, 18, 34
37, 4, 15, 30
13, 10, 10, 15, 30
11, 15, 21, 18
14, 34
15, 10
11, 1, 34
2, 12, 34
2, 15, 16, 21, 25
4, 8, 15, 32
1, 12, 15, 30
4, 34
7, 12, 21, 34
9
8, 2, 30
3, 30
3, 15
9, 21, 12
9, 36
1, 7, 12, 22
9, 15, 30, 36
4, 17, 24
1, 8, 30
12, 29, 35
9, 15, 30
9, 1, 15, 30, 37, 18, 8
1, 15, 30
1, 15, 30
9, 15, 32
3, 18, 27, 34
6, 15, 34
1, 11, 34, 25
1, 4, 18, 35
4, 15, 32
2, 3, 12, 20, 21
2, 9, 28, 33
5, 7, 8, 11
1, 18, 21, 33
4, 5, 27
8, 11, 17, 33
4, 6, 11, 15, 20, 34
1, 12, 21, 35
9, 12, 33, 36
10, 21, 35, 36
1, 11, 34, 25
12, 27, 15, 7
10, 12, 9, 8
34, 25, 16, 7
1, 4, 18, 35
4, 15, 32
2, 3, 12, 20, 21
2, 9, 28, 33
5, 7,8,11
1, 18, 21, 33
4, 5, 27
8, 11, 17, 33
4, 6, 11, 15, 20, 34
1, 12, 21, 35
9, 12, 33, 36
10, 21, 35, 36
9, 11, 12, 30, 36
2, 18, 21, 26
12, 16, 22, 36
1, 8, 12, 27
5, 15, 16, 33
5, 21, 31
14, 15, 33, 35
3, 11, 32, 34
9, 11, 30
8, 19, 34
10, 18, 30
7, 19, 21, 22
4, 30, 36
3, 11, 15, 34